00000000000000000000000000000000
10101100000000000000000000000111
10101100000000000000000000000101
10101100000000000000000000000011
10101100000000000000000000000101
10101100000000000101101001011010
10101100000000000110011101100111
10101100000000000000000000111100
10101100000000000000000011111111
00000000000000000000000000000000
00000000000000000000000000000000
00000000000000000000000000000000
00000000000000000000000000000000
10001100000000010000000000000111
10001100000000100000000000000101
10001100000000110000000000000011
10001100000001000000000000000101
10001100000001010101101001011010
10001100000001100110011101100111
10001100000001110000000000111100
10001100000010000000000011111111
00000000000000000000000000000000
00000000000000000000000000000000
00000000000000000000000000000000
00000000000000000000000000000000
00100000000111100000000000000011
00000000001000101111100000100010
00000011111111100000000000101010
00010000000000000000000000001001
00000000011111100001100000000000
00100000000001000000000000000111
10101100000001000000000000000101
00000000000000000000000000000000
00000000000000000000000000000000
00000000000000000000000000000000
00000000000000000000000000000000
00000000101001100011100000100100
00001000000000000000000000101001
00100000011000110000000000000100
00000000011111100010000000100010
00000000101001100011100000100101
00000000001000100000100000100000
00000000101001100000000000100110
00000000000010000011100000100100